0.000000
0.000000
0.000000
0.000000
0.000000
0.000000
0.000000
0.000000
0.000000
0.000000
0.000000
0.000000
0.000000
0.000000
0.000000
0.000000
0.000000
0.000000
0.000000
0.000000
0.000000
0.000000
0.000000
0.000000
0.000000
0.000000
0.000000
0.000000
0.000000
0.000000
0.000000
0.000000
0.000000
0.000000
0.000000
0.000000
0.000000
0.000000
0.000000
0.000000
0.000000
0.000000
0.000000
0.000000
0.000000
0.000000
0.000000
0.000000
0.000000
0.000000
0.000000
0.000000
0.000000
0.000000
0.000000
0.000000
0.000000
0.000000
0.000000
0.000000
0.000000
0.000000
0.000000
0.000000
0.000000
0.000000
0.000000
0.000000
0.000000
0.000000
0.000000
0.000000
0.000000
0.000000
0.000000
0.000000
0.000000
0.000000
0.000000
0.000000
0.000000
0.000000
0.000000
0.000000
0.000000
0.000000
0.000000
0.000000
0.000000
0.000000
0.000000
0.000000
0.000000
0.000000
0.000000
0.000000
0.000000
0.000000
0.000000
0.000000
0.000000
0.000000
0.000000
0.000000
0.000000
0.000000
0.000000
0.000000
0.000000
0.000000
0.000000
0.000000
0.000000
0.000000
0.000000
0.000000
0.000000
0.000000
0.000000
0.000000
0.000000
0.000000
0.000000
0.000000
0.000000
0.000000
0.000000
0.000000
0.000000
0.000000
0.000000
0.000000
0.000000
0.000000
0.000000
0.000000
0.000000
0.000000
0.000000
0.000000
0.000000
0.000000
0.000000
0.000000
0.000000
0.000000
0.000000
0.000000
0.000000
0.000000
0.000000
0.000000
0.000000
0.000000
0.000000
0.000000
0.000000
0.000000
0.000000
0.000000
0.000000
0.000096
0.000385
0.000867
0.001541
0.002408
0.003466
0.004715
0.006156
0.007787
0.009607
0.011617
0.013815
0.016200
0.018772
0.021530
0.024472
0.027597
0.030904
0.034393
0.038060
0.041906
0.045928
0.050126
0.054497
0.059039
0.063752
0.068633
0.073680
0.078891
0.084265
0.089799
0.095492
0.101340
0.107342
0.113495
0.119797
0.126246
0.132839
0.139573
0.146447
0.153456
0.160600
0.167874
0.175276
0.182803
0.190453
0.198222
0.206107
0.214106
0.222215
0.230431
0.238751
0.247171
0.255689
0.264302
0.273005
0.281795
0.290670
0.299626
0.308658
0.317765
0.326941
0.336185
0.345492
0.354858
0.364280
0.373754
0.383277
0.392845
0.402455
0.412102
0.421783
0.431494
0.441231
0.450991
0.460770
0.470565
0.480370
0.490183
0.500000
0.509817
0.519630
0.529435
0.539230
0.549009
0.558769
0.568506
0.578217
0.587898
0.597545
0.607155
0.616723
0.626246
0.635720
0.645142
0.654508
0.663815
0.673059
0.682235
0.691342
0.700374
0.709330
0.718205
0.726995
0.735698
0.744311
0.752829
0.761249
0.769569
0.777785
0.785894
0.793893
0.801778
0.809547
0.817197
0.824724
0.832126
0.839400
0.846544
0.853553
0.860427
0.867161
0.873754
0.880203
0.886505
0.892658
0.898660
0.904508
0.910201
0.915735
0.921109
0.926320
0.931367
0.936248
0.940961
0.945503
0.949874
0.954072
0.958094
0.961940
0.965607
0.969096
0.972403
0.975528
0.978470
0.981228
0.983800
0.986185
0.988383
0.990393
0.992213
0.993844
0.995285
0.996534
0.997592
0.998459
0.999133
0.999615
0.999904
1.000000
0.999904
0.999615
0.999133
0.998459
0.997592
0.996534
0.995285
0.993844
0.992213
0.990393
0.988383
0.986185
0.983800
0.981228
0.978470
0.975528
0.972403
0.969096
0.965607
0.961940
0.958094
0.954072
0.949874
0.945503
0.940961
0.936248
0.931367
0.926320
0.921109
0.915735
0.910201
0.904508
0.898660
0.892658
0.886505
0.880203
0.873754
0.867161
0.860427
0.853553
0.846544
0.839400
0.832126
0.824724
0.817197
0.809547
0.801778
0.793893
0.785894
0.777785
0.769569
0.761249
0.752829
0.744311
0.735698
0.726995
0.718205
0.709330
0.700374
0.691342
0.682235
0.673059
0.663815
0.654508
0.645142
0.635720
0.626246
0.616723
0.607155
0.597545
0.587898
0.578217
0.568506
0.558769
0.549009
0.539230
0.529435
0.519630
0.509817
0.500000
0.490183
0.480370
0.470565
0.460770
0.450991
0.441231
0.431494
0.421783
0.412102
0.402455
0.392845
0.383277
0.373754
0.364280
0.354858
0.345492
0.336185
0.326941
0.317765
0.308658
0.299626
0.290670
0.281795
0.273005
0.264302
0.255689
0.247171
0.238751
0.230431
0.222215
0.214106
0.206107
0.198222
0.190453
0.182803
0.175276
0.167874
0.160600
0.153456
0.146447
0.139573
0.132839
0.126246
0.119797
0.113495
0.107342
0.101340
0.095492
0.089799
0.084265
0.078891
0.073680
0.068633
0.063752
0.059039
0.054497
0.050126
0.045928
0.041906
0.038060
0.034393
0.030904
0.027597
0.024472
0.021530
0.018772
0.016200
0.013815
0.011617
0.009607
0.007787
0.006156
0.004715
0.003466
0.002408
0.001541
0.000867
0.000385
0.000096
0.000000
0.000000
0.000000
0.000000
0.000000
0.000000
0.000000
0.000000
0.000000
0.000000
0.000000
0.000000
0.000000
0.000000
0.000000
0.000000
0.000000
0.000000
0.000000
0.000000
0.000000
0.000000
0.000000
0.000000
0.000000
0.000000
0.000000
0.000000
0.000000
0.000000
0.000000
0.000000
0.000000
0.000000
0.000000
0.000000
0.000000
0.000000
0.000000
0.000000
0.000000
0.000000
0.000000
0.000000
0.000000
0.000000
0.000000
0.000000
0.000000
0.000000
0.000000
0.000000
0.000000
0.000000
0.000000
0.000000
0.000000
0.000000
0.000000
0.000000
0.000000
0.000000
0.000000
0.000000
0.000000
0.000000
0.000000
0.000000
0.000000
0.000000
0.000000
0.000000
0.000000
0.000000
0.000000
0.000000
0.000000
0.000000
0.000000
0.000000
0.000000
0.000000
0.000000
0.000000
0.000000
0.000000
0.000000
0.000000
0.000000
0.000000
0.000000
0.000000
0.000000
0.000000
0.000000
0.000000
0.000000
0.000000
0.000000
0.000000
0.000000
0.000000
0.000000
0.000000
0.000000
0.000000
0.000000
0.000000
0.000000
0.000000
0.000000
0.000000
0.000000
0.000000
0.000000
0.000000
0.000000
0.000000
0.000000
0.000000
0.000000
0.000000
0.000000
0.000000
0.000000
0.000000
0.000000
0.000000
0.000000
0.000000
0.000000
0.000000
0.000000
0.000000
0.000000
0.000000
0.000000
0.000000
0.000000
0.000000
0.000000
0.000000
0.000000
0.000000
0.000000
0.000000
0.000000
0.000000
0.000000
0.000000
0.000000
0.000000
0.000000
0.000000
0.000000
0.000000
0.000000
0.000000
0.000000
0.000000
0.000000
